1 1 3127 14.404766 1 2.0 0.4 1.0
1 2 2246 10.430034 1 1.5 0.6 1.0
1 3 1930 8.589933 0 0.666666666667 0.4 0.765360636989
1 4 3196 8.381983 0 0.5 0.4 0.636682438733
1 5 3068 5.508355 0 0.4 0.4 0.553146470008
1 6 2593 5.460499 0 0.333333333333 0.4 0.493523279678
1 7 2740 5.343020 0 0.285714285714 0.4 0.448303989903
1 8 2319 5.336626 0 0.25 0.4 0.412531779893
1 9 2379 5.189561 0 0.222222222222 0.4 0.383342779985
1 10 1680 5.138558 0 0.2 0.4 0.358954210172
1 11 2629 5.058380 1 0.363636363636 0.8 0.396033549981
1 12 1591 5.054557 0 0.25 0.6 0.375018660859
1 13 1462 5.008025 0 0.230769230769 0.6 0.356626260418
1 14 1461 4.971087 0 0.214285714286 0.6 0.340358983242
1 15 2632 4.933772 0 0.2 0.6 0.325841888226
1 16 2597 4.869003 0 0.1875 0.6 0.312786301318
1 17 2735 4.833690 0 0.176470588235 0.6 0.30096589659
1 18 2482 4.754621 0 0.166666666667 0.6 0.290200406979
1 19 1236 4.749483 0 0.157894736842 0.6 0.2803442478
1 20 2796 4.715009 0 0.15 0.6 0.271278393893
1 21 2424 4.714154 0 0.142857142857 0.6 0.262904465576
1 22 1033 4.683888 0 0.136363636364 0.6 0.255140347318
1 23 1755 4.635413 0 0.130434782609 0.6 0.247916891003
1 24 1750 4.562782 0 0.125 0.6 0.241175400266
1 25 1472 4.557620 0 0.12 0.6 0.234865686312
1 26 2357 4.555950 0 0.115384615385 0.6 0.228944547943
1 27 2541 4.553743 0 0.111111111111 0.6 0.223374570596
1 28 2868 4.522006 0 0.107142857143 0.6 0.218123168229
1 29 2317 4.482974 0 0.103448275862 0.6 0.213161812068
1 30 2111 4.467231 0 0.1 0.6 0.208465404661
1 31 2920 4.445588 0 0.0967741935484 0.6 0.204011767957
1 32 2080 4.442129 1 0.15625 1.0 0.220517997496
1 33 2867 4.433354 0 0.121212121212 0.8 0.216075226073
1 34 1334 4.425719 0 0.117647058824 0.8 0.211842046609
1 35 1534 4.392577 0 0.114285714286 0.8 0.207802935477
1 36 1247 4.373088 0 0.111111111111 0.8 0.203943920265
1 37 2840 4.369174 0 0.108108108108 0.8 0.200252386546
1 38 1728 4.358607 0 0.105263157895 0.8 0.196716913238
1 39 3025 4.346941 0 0.102564102564 0.8 0.193327131701
1 40 2378 4.302769 0 0.1 0.8 0.190073604613
1 41 2064 4.284738 0 0.0975609756098 0.8 0.186947721448
1 42 1519 4.271204 0 0.0952380952381 0.8 0.183941607914
1 43 2153 4.260618 0 0.093023255814 0.8 0.18104804722
1 44 2798 4.207301 0 0.0909090909091 0.8 0.178260411367
1 45 1657 4.203269 0 0.0888888888889 0.8 0.17557260102
1 46 2126 4.196266 0 0.0869565217391 0.8 0.17297899269
1 47 2372 4.188181 0 0.0851063829787 0.8 0.170474392226
1 48 1168 4.148316 0 0.0833333333333 0.8 0.168053993729
1 49 1766 4.142685 0 0.0816326530612 0.8 0.165713343171
1 50 2399 4.133803 0 0.08 0.8 0.16344830608
1 51 1752 4.130665 0 0.078431372549 0.8 0.161255038776
1 52 2320 4.128089 0 0.0769230769231 0.8 0.159129962707
1 53 3089 4.096057 0 0.0754716981132 0.8 0.15706974149
1 54 972 4.093307 0 0.0740740740741 0.8 0.155071260335
1 55 585 4.093307 0 0.0727272727273 0.8 0.153131607556
1 56 1912 4.091748 0 0.0714285714286 0.8 0.151248057939
1 57 2069 4.083883 0 0.0701754385965 0.8 0.149418057731
1 58 322 4.077980 0 0.0689655172414 0.8 0.147639211084
1 59 2092 4.047563 0 0.0677966101695 0.8 0.145909267779
1 60 3174 4.023248 0 0.0666666666667 0.8 0.144226112095
1 61 1324 4.021641 0 0.0655737704918 0.8 0.142587752703
1 62 1902 3.994118 0 0.0645161290323 0.8 0.140992313462
1 63 1853 3.949906 0 0.0634920634921 0.8 0.139438025036
1 64 1264 3.948044 0 0.0625 0.8 0.137923217247
1 65 1747 3.944066 0 0.0615384615385 0.8 0.136446312079
1 66 2218 3.924197 0 0.0606060606061 0.8 0.135005817274
1 67 1938 3.920958 0 0.0597014925373 0.8 0.133600320469
1 68 2777 3.918664 0 0.0588235294118 0.8 0.132228483808
1 69 1071 3.907115 0 0.0579710144928 0.8 0.130889038992
1 70 1163 3.882900 0 0.0571428571429 0.8 0.129580782724
1 71 1923 3.882900 0 0.056338028169 0.8 0.128302572515
1 72 1749 3.878094 0 0.0555555555556 0.8 0.12705332281
1 73 3137 3.875409 0 0.0547945205479 0.8 0.125832001413
1 74 3087 3.836409 0 0.0540540540541 0.8 0.124637626184
1 75 1464 3.813823 0 0.0533333333333 0.8 0.123469261981
1 76 1951 3.811539 0 0.0526315789474 0.8 0.122326017819
1 77 2950 3.805290 0 0.0519480519481 0.8 0.121207044251
1 78 1533 3.803423 0 0.0512820512821 0.8 0.120111530919
1 79 252 3.796289 0 0.0506329113924 0.8 0.119038704289
1 80 1108 3.795925 0 0.05 0.8 0.117987825541
1 81 202 3.789123 0 0.0493827160494 0.8 0.116958188606
1 82 1751 3.771958 0 0.0487804878049 0.8 0.115949118332
1 83 2219 3.764804 0 0.0481927710843 0.8 0.114959968779
1 84 2536 3.761578 0 0.047619047619 0.8 0.113990121624
1 85 1034 3.746953 0 0.0470588235294 0.8 0.113038984671
1 86 2151 3.745682 0 0.046511627907 0.8 0.11210599046
1 87 1924 3.743264 0 0.0459770114943 0.8 0.111190594961
1 88 2618 3.723884 0 0.0454545454545 0.8 0.110292276354
1 89 2681 3.721147 0 0.0449438202247 0.8 0.109410533888
1 90 1226 3.696853 0 0.0444444444444 0.8 0.108544886803
1 91 3023 3.684848 0 0.043956043956 0.8 0.107694873324
1 92 2624 3.673806 0 0.0434782608696 0.8 0.106860049719
1 93 2741 3.673806 0 0.0430107526882 0.8 0.106039989403
1 94 2065 3.659107 0 0.0425531914894 0.8 0.105234282105
1 95 2105 3.641658 0 0.0421052631579 0.8 0.104442533081
1 96 2358 3.631978 0 0.0416666666667 0.8 0.10366436237
1 97 1960 3.626630 0 0.0412371134021 0.8 0.102899404098
1 98 1652 3.622944 0 0.0408163265306 0.8 0.102147305814
1 99 2621 3.595500 0 0.040404040404 0.8 0.101407727873
1 100 2582 3.583731 0 0.04 0.8 0.100680342847
2 1 2530 12.210559 0 0.0 0.0 0.0960911704485
2 2 2748 11.935878 0 0.0 0.0 0.0934049563904
2 3 2491 11.728198 0 0.0 0.0 0.0913805399755
2 4 1947 11.019302 1 0.5 0.181818181818 0.108032305338
2 5 2559 10.097619 0 0.2 0.0909090909091 0.106282718819
2 6 2897 9.962953 1 0.5 0.272727272727 0.119414100709
2 7 1795 9.700481 1 0.571428571429 0.363636363636 0.131357485511
2 8 2495 9.634505 1 0.625 0.454545454545 0.142366030962
2 9 2033 9.157707 0 0.444444444444 0.363636363636 0.140664916988
2 10 2856 8.677538 0 0.4 0.363636363636 0.139069245045
2 11 2863 8.514164 0 0.363636363636 0.363636363636 0.137563398062
2 12 2680 8.450388 0 0.333333333333 0.363636363636 0.136135320331
2 13 1886 8.185110 0 0.307692307692 0.363636363636 0.134775474136
2 14 1807 8.139704 1 0.428571428571 0.545454545455 0.143116754861
2 15 2716 8.037548 0 0.333333333333 0.454545454545 0.141781711446
2 16 3080 8.020446 0 0.3125 0.454545454545 0.140499130689
2 17 2701 7.964293 0 0.294117647059 0.454545454545 0.139264236685
2 18 3005 7.913631 0 0.277777777778 0.454545454545 0.138072951339
2 19 2586 7.798818 0 0.263157894737 0.454545454545 0.136921758118
2 20 2537 7.747159 0 0.25 0.454545454545 0.135807598269
2 21 2801 7.744655 0 0.238095238095 0.454545454545 0.134727790536
2 22 3129 7.728488 0 0.227272727273 0.454545454545 0.133679968171
2 23 3113 7.654359 0 0.217391304348 0.454545454545 0.132662028907
2 24 3033 7.564444 0 0.208333333333 0.454545454545 0.131672094764
2 25 1901 7.499297 0 0.2 0.454545454545 0.130708479423
2 26 2834 7.473672 0 0.192307692308 0.454545454545 0.129769661496
2 27 1223 7.437299 1 0.259259259259 0.636363636364 0.135908292213
2 28 2944 7.324927 0 0.214285714286 0.545454545455 0.134966158487
2 29 2598 7.289372 0 0.206896551724 0.545454545455 0.134046195144
2 30 405 7.236359 0 0.2 0.545454545455 0.133147295622
2 31 2648 7.195413 0 0.193548387097 0.545454545455 0.132268442892
2 32 3099 7.165325 0 0.1875 0.545454545455 0.131408699459
2 33 2929 7.131035 0 0.181818181818 0.545454545455 0.130567198775
2 34 2904 6.793028 0 0.176470588235 0.545454545455 0.129743137813
2 35 1973 6.767717 0 0.171428571429 0.545454545455 0.128935770627
2 36 3054 6.756585 0 0.166666666667 0.545454545455 0.128144402733
2 37 3171 6.667410 0 0.162162162162 0.545454545455 0.12736838619
2 38 2816 6.619172 0 0.157894736842 0.545454545455 0.126607115276
2 39 3106 6.612925 0 0.153846153846 0.545454545455 0.125860022673
2 40 2819 6.555349 0 0.15 0.545454545455 0.125126576088
2 41 1195 6.506615 0 0.146341463415 0.545454545455 0.124406275252
2 42 2885 6.392388 0 0.142857142857 0.545454545455 0.123698649246
2 43 3103 6.344613 0 0.139534883721 0.545454545455 0.123003254112
2 44 1542 6.320099 0 0.136363636364 0.545454545455 0.122319670705
2 45 2253 6.218643 0 0.133333333333 0.545454545455 0.12164750277
2 46 2623 6.173531 0 0.130434782609 0.545454545455 0.120986375205
2 47 2490 6.074379 0 0.127659574468 0.545454545455 0.120335932493
2 48 2855 6.024803 0 0.125 0.545454545455 0.119695837284
2 49 124 5.896806 0 0.122448979592 0.545454545455 0.119065769101
2 50 1235 5.891655 0 0.12 0.545454545455 0.118445423172
2 51 940 5.823173 0 0.117647058824 0.545454545455 0.117834509359
2 52 1552 5.797424 0 0.115384615385 0.545454545455 0.117232751188
2 53 1694 5.777526 0 0.11320754717 0.545454545455 0.116639884947
2 54 3057 5.673626 0 0.111111111111 0.545454545455 0.116055658878
2 55 3053 5.665802 0 0.109090909091 0.545454545455 0.115479832418
2 56 2220 5.643082 0 0.107142857143 0.545454545455 0.114912175514
2 57 867 5.613608 0 0.105263157895 0.545454545455 0.114352467984
2 58 2711 5.596513 0 0.103448275862 0.545454545455 0.113800498928
2 59 2858 5.581122 0 0.101694915254 0.545454545455 0.113256066191
2 60 2078 5.571662 0 0.1 0.545454545455 0.112718975856
2 61 2745 5.551212 0 0.0983606557377 0.545454545455 0.112189041784
2 62 2464 5.528543 0 0.0967741935484 0.545454545455 0.111666085177
2 63 2423 5.525441 0 0.0952380952381 0.545454545455 0.111149934181
2 64 1564 5.467233 0 0.09375 0.545454545455 0.110640423511
2 65 3072 5.355223 0 0.0923076923077 0.545454545455 0.110137394107
2 66 2787 5.353861 0 0.0909090909091 0.545454545455 0.109640692808
2 67 2389 5.320216 0 0.089552238806 0.545454545455 0.109150172048
2 68 1655 5.294161 0 0.0882352941176 0.545454545455 0.108665689578
2 69 3074 5.287844 0 0.0869565217391 0.545454545455 0.108187108198
2 70 1066 5.270542 0 0.0857142857143 0.545454545455 0.107714295513
2 71 2185 5.250805 0 0.0845070422535 0.545454545455 0.107247123698
2 72 1999 5.213358 0 0.0833333333333 0.545454545455 0.106785469282
2 73 1566 5.209650 0 0.0821917808219 0.545454545455 0.106329212944
2 74 2374 5.182888 0 0.0810810810811 0.545454545455 0.105878239322
2 75 1231 5.173607 1 0.106666666667 0.727272727273 0.109642957288
2 76 3110 5.151904 0 0.0921052631579 0.636363636364 0.109184616701
2 77 2651 5.060865 0 0.0909090909091 0.636363636364 0.108731432759
2 78 1369 5.022497 0 0.0897435897436 0.636363636364 0.10828330018
2 79 1389 4.966168 0 0.0886075949367 0.636363636364 0.107840116963
2 80 2964 4.960546 0 0.0875 0.636363636364 0.107401784247
2 81 1362 4.952408 0 0.0864197530864 0.636363636364 0.106968206173
2 82 849 4.940119 0 0.0853658536585 0.636363636364 0.106539289767
2 83 48 4.920301 0 0.0843373493976 0.636363636364 0.106114944815
2 84 1670 4.907955 0 0.0833333333333 0.636363636364 0.105695083752
2 85 2346 4.885204 0 0.0823529411765 0.636363636364 0.105279621556
2 86 1134 4.880915 0 0.0813953488372 0.636363636364 0.104868475649
2 87 1756 4.867912 0 0.0804597701149 0.636363636364 0.104461565797
2 88 3169 4.864221 0 0.0795454545455 0.636363636364 0.104058814022
2 89 2857 4.862765 0 0.0786516853933 0.636363636364 0.103660144513
2 90 1651 4.859905 0 0.0777777777778 0.636363636364 0.103265483545
2 91 3067 4.857396 0 0.0769230769231 0.636363636364 0.102874759402
2 92 2006 4.850742 0 0.0760869565217 0.636363636364 0.102487902299
2 93 2835 4.845237 0 0.0752688172043 0.636363636364 0.102104844314
2 94 1652 4.844939 0 0.0744680851064 0.636363636364 0.101725519318
2 95 1172 4.836770 0 0.0736842105263 0.636363636364 0.101349862912
2 96 2437 4.804068 0 0.0729166666667 0.636363636364 0.100977812366
2 97 2729 4.783256 0 0.0721649484536 0.636363636364 0.100609306557
2 98 3083 4.759221 0 0.0714285714286 0.636363636364 0.100244285916
2 99 1088 4.759030 0 0.0707070707071 0.636363636364 0.0998826923729
2 100 2888 4.756837 0 0.07 0.636363636364 0.0995244693051
3 1 2714 6.518864 1 2.0 0.181818181818 0.120525667
3 2 2664 6.361193 1 1.5 0.272727272727 0.133279253963
3 3 2973 6.358943 1 1.33333333333 0.363636363636 0.143126502178
3 4 2785 6.098958 0 0.75 0.272727272727 0.141739402978
3 5 2685 5.992669 0 0.6 0.272727272727 0.140516172497
3 6 2433 5.966053 0 0.5 0.272727272727 0.13940836714
3 7 950 5.924533 1 0.714285714286 0.454545454545 0.145710942687
3 8 1262 5.837367 0 0.5 0.363636363636 0.144707977906
3 9 2266 5.826889 1 0.666666666667 0.545454545455 0.150289124779
3 10 2700 5.742787 0 0.5 0.454545454545 0.149353268328
3 11 2896 5.734135 0 0.454545454545 0.454545454545 0.148461165978
3 12 1158 5.690684 0 0.416666666667 0.454545454545 0.147607007977
3 13 3075 5.668284 1 0.538461538462 0.636363636364 0.152346954511
3 14 1828 5.664124 0 0.428571428571 0.545454545455 0.151525823716
3 15 3156 5.620739 1 0.533333333333 0.727272727273 0.155969149354
3 16 1601 5.528017 1 0.5625 0.818181818182 0.160272572249
3 17 1811 5.498893 0 0.470588235294 0.727272727273 0.159475540975
3 18 141 5.466125 1 0.555555555556 0.909090909091 0.163558760591
3 19 392 5.371452 0 0.473684210526 0.818181818182 0.162781517204
3 20 1302 5.371452 0 0.45 0.818181818182 0.162023906429
3 21 1613 5.314277 0 0.428571428571 0.818181818182 0.161284559875
3 22 2182 5.191616 0 0.409090909091 0.818181818182 0.160562270178
3 23 2660 5.148522 0 0.391304347826 0.818181818182 0.159855965262
3 24 2557 5.102499 0 0.375 0.818181818182 0.159164687675
3 25 1367 5.064447 0 0.36 0.818181818182 0.158487577824
3 26 1795 4.983074 0 0.346153846154 0.818181818182 0.157823860256
3 27 1468 4.978991 0 0.333333333333 0.818181818182 0.157172832322
3 28 2401 4.948010 0 0.321428571429 0.818181818182 0.156533854745
3 29 2895 4.922871 0 0.310344827586 0.818181818182 0.155906343719
3 30 2952 4.827927 0 0.3 0.818181818182 0.155289764227
3 31 2342 4.826592 0 0.290322580645 0.818181818182 0.15468362438
3 32 2851 4.709326 0 0.28125 0.818181818182 0.154087470569
3 33 2865 4.704775 0 0.272727272727 0.818181818182 0.153500883311
3 34 3059 4.611498 0 0.264705882353 0.818181818182 0.152923473658
3 35 3073 4.544179 0 0.257142857143 0.818181818182 0.152354880079
3 36 2195 4.506452 0 0.25 0.818181818182 0.151794765753
3 37 46 4.462447 0 0.243243243243 0.818181818182 0.15124281619
3 38 2289 4.453734 0 0.236842105263 0.818181818182 0.15069873715
3 39 2570 4.420567 0 0.230769230769 0.818181818182 0.150162252803
3 40 2080 4.383603 0 0.225 0.818181818182 0.149633104101
3 41 2175 4.352614 0 0.219512195122 0.818181818182 0.149111047338
3 42 1846 4.272660 0 0.214285714286 0.818181818182 0.14859585286
3 43 1569 4.234630 0 0.209302325581 0.818181818182 0.148087303919
3 44 1747 4.139588 0 0.204545454545 0.818181818182 0.147585195643
3 45 2838 4.065440 0 0.2 0.818181818182 0.147089334111
3 46 3044 4.041488 0 0.195652173913 0.818181818182 0.146599535525
3 47 3194 3.841258 0 0.191489361702 0.818181818182 0.14611562545
3 48 2740 3.782181 0 0.1875 0.818181818182 0.145637438143
3 49 2311 3.681656 0 0.183673469388 0.818181818182 0.14516481593
3 50 2727 3.659932 0 0.18 0.818181818182 0.144697608649
3 51 1854 3.648689 0 0.176470588235 0.818181818182 0.144235673135
3 52 1008 3.638463 0 0.173076923077 0.818181818182 0.14377887276
3 53 1380 3.555048 0 0.169811320755 0.818181818182 0.143327077002
3 54 2060 3.412255 0 0.166666666667 0.818181818182 0.142880161053
3 55 1200 3.399188 0 0.163636363636 0.818181818182 0.142438005468
3 56 2514 3.344207 0 0.160714285714 0.818181818182 0.142000495828
3 57 1471 3.326273 0 0.157894736842 0.818181818182 0.14156752244
3 58 1957 3.280412 0 0.155172413793 0.818181818182 0.141138980058
3 59 3175 3.248941 1 0.186440677966 1.0 0.143720403876
3 60 1554 3.222583 0 0.166666666667 0.909090909091 0.143291453606
3 61 2114 3.172844 0 0.16393442623 0.909090909091 0.142866731206
3 62 1341 3.156975 0 0.161290322581 0.909090909091 0.142446144897
3 63 1603 3.109495 0 0.15873015873 0.909090909091 0.142029606298
3 64 1960 3.078628 0 0.15625 0.909090909091 0.141617030253
3 65 1536 3.063423 0 0.153846153846 0.909090909091 0.141208334657
3 66 2376 2.919244 0 0.151515151515 0.909090909091 0.140803440299
3 67 320 2.905569 0 0.149253731343 0.909090909091 0.14040227072
3 68 1959 2.901050 0 0.147058823529 0.909090909091 0.140004752069
3 69 2515 2.828365 0 0.144927536232 0.909090909091 0.13961081298
3 70 2898 2.691252 0 0.142857142857 0.909090909091 0.13922038445
3 71 2723 2.590391 0 0.140845070423 0.909090909091 0.138833399727
3 72 1325 2.590108 0 0.138888888889 0.909090909091 0.138449794203
3 73 3120 2.568656 0 0.13698630137 0.909090909091 0.138069505318
3 74 2967 2.547555 0 0.135135135135 0.909090909091 0.137692472464
3 75 1409 2.345272 0 0.133333333333 0.909090909091 0.137318636896
3 76 2497 2.259826 0 0.131578947368 0.909090909091 0.136947941656
3 77 1928 2.165165 0 0.12987012987 0.909090909091 0.136580331488
3 78 2692 1.979608 0 0.128205128205 0.909090909091 0.136215752768
3 79 2430 0.639233 0 0.126582278481 0.909090909091 0.135854153434
3 80 371 0.635109 0 0.125 0.909090909091 0.135495482921
3 81 1559 0.633906 0 0.123456790123 0.909090909091 0.1351396921
3 82 2090 0.626941 0 0.121951219512 0.909090909091 0.134786733218
3 83 1539 0.625820 0 0.120481927711 0.909090909091 0.134436559841
3 84 2042 0.620787 0 0.119047619048 0.909090909091 0.134089126806
3 85 2146 0.614737 0 0.117647058824 0.909090909091 0.133744390168
3 86 199 0.610252 0 0.116279069767 0.909090909091 0.133402307153
3 87 2884 0.607972 0 0.114942528736 0.909090909091 0.133062836114
3 88 2630 0.606275 0 0.113636363636 0.909090909091 0.132725936487
3 89 2679 0.601873 0 0.112359550562 0.909090909091 0.132391568754
3 90 2520 0.599517 0 0.111111111111 0.909090909091 0.132059694398
3 91 2767 0.599242 0 0.10989010989 0.909090909091 0.131730275875
3 92 2509 0.597471 0 0.108695652174 0.909090909091 0.13140327657
3 93 1560 0.594359 0 0.10752688172 0.909090909091 0.13107866077
3 94 2348 0.594359 0 0.106382978723 0.909090909091 0.130756393631
3 95 1990 0.594359 0 0.105263157895 0.909090909091 0.130436441147
3 96 2283 0.593483 0 0.104166666667 0.909090909091 0.130118770118
3 97 2417 0.591279 0 0.103092783505 0.909090909091 0.129803348131
3 98 1961 0.589650 0 0.102040816327 0.909090909091 0.129490143522
3 99 2863 0.587133 0 0.10101010101 0.909090909091 0.129179125363
3 100 2510 0.585215 0 0.1 0.909090909091 0.128870263427
