1 2972 1.0088185
2 3074 0.9137456
3 2265 0.8261164
4 1600 0.76765776
5 2556 0.71334237
6 949 0.68843037
7 1467 0.68843037
8 3155 0.68843037
9 2432 0.594452
10 2569 0.594452
11 2288 0.5686563
12 1956 0.5663724
13 2837 0.5339811
14 2691 0.48292387
15 2113 0.47197703
16 140 0.41395304
17 391 0.41395304
18 1301 0.41395304
19 2684 0.40970725
20 2722 0.37758163
21 2895 0.35849383
22 1261 0.35481688
23 1366 0.35481688
24 1827 0.35481688
25 2181 0.35481688
26 2699 0.35481688
27 1157 0.33452457
28 2713 0.31291908
29 2784 0.30728042
30 370 0.29918474
31 1794 0.29568073
32 2951 0.29568073
33 2894 0.292709
34 1810 0.2897068
35 1659 0.28207406
36 1951 0.28207406
37 2006 0.28207406
38 2341 0.2644649
39 2400 0.25606704
40 2864 0.25606704
41 3058 0.25606704
42 2079 0.2508934
43 3072 0.2508934
44 1795 0.2493206
45 269 0.2468148
46 803 0.2468148
47 1341 0.2468148
48 2225 0.2468148
49 2324 0.2468148
50 1568 0.2365446
51 3043 0.2365446
52 2883 0.23321806
53 2850 0.23140681
54 2901 0.21591799
55 2949 0.21591799
56 3165 0.21591799
57 1550 0.21374789
58 1373 0.21155554
59 1657 0.21155554
60 1850 0.21155554
61 1952 0.21155554
62 2416 0.21155554
63 2504 0.21155554
64 2724 0.21155554
65 2829 0.21155554
66 2862 0.21155554
67 3060 0.21155554
68 2739 0.20907786
69 1007 0.20697652
70 1379 0.20697652
71 2726 0.20697652
72 1746 0.20485362
73 1845 0.20485362
74 2174 0.20485362
75 2194 0.20485362
76 1872 0.19945648
77 1923 0.19710524
78 2145 0.19710524
79 2272 0.19710524
80 2282 0.19710524
81 2902 0.19710524
82 3005 0.19710524
83 1391 0.18321247
84 2489 0.18321247
85 2678 0.18321247
86 1199 0.17740844
87 1340 0.17740844
88 1470 0.17740844
89 1535 0.17740844
90 1553 0.17740844
91 1602 0.17740844
92 1959 0.17740844
93 2513 0.17740844
94 3174 0.17740844
95 2024 0.1762963
96 2221 0.1762963
97 2235 0.1762963
98 2361 0.1762963
99 2425 0.1762963
100 2519 0.1762963