1 3126 1.1755296
2 1460 0.50642985
3 3067 0.40902123
4 2110 0.3230007
5 2068 0.31651866
6 2739 0.30766326
7 1461 0.28890023
8 1727 0.28890023
9 2596 0.28045723
10 2245 0.27498606
11 1749 0.2741132
12 2371 0.26916727
13 1246 0.26857498
14 2079 0.26857498
15 2481 0.26857498
16 2866 0.26857498
17 2378 0.26133278
18 1679 0.24681911
19 2318 0.24613062
20 2839 0.24135262
21 3024 0.24135262
22 2620 0.23838985
23 2540 0.23371433
24 2628 0.23371433
25 2631 0.23371433
26 1746 0.23342077
27 2316 0.23112017
28 2423 0.22735322
29 2137 0.22647284
30 2150 0.22647284
31 1750 0.2238125
32 2319 0.2238125
33 2949 0.2238125
34 3195 0.22226858
35 1922 0.22156307
36 3173 0.22156307
37 1929 0.21998885
38 1225 0.21734169
39 3140 0.21734169
40 1323 0.21344522
41 1950 0.21344522
42 2521 0.21344522
43 1235 0.20095375
44 1751 0.20095375
45 2776 0.20095375
46 321 0.1986582
47 2623 0.1986582
48 3025 0.1986582
49 2357 0.1930821
50 2373 0.18991122
51 3136 0.18991122
52 2377 0.18697147
53 2035 0.18111807
54 3027 0.18111807
55 2183 0.160763
56 2296 0.160763
57 2621 0.160763
58 1891 0.15892656
59 2624 0.15892656
60 695 0.15825933
61 1646 0.15825933
62 2094 0.15825933
63 2581 0.15825933
64 2971 0.15825933
65 3005 0.15825933
66 3049 0.15825933
67 3104 0.15825933
68 1516 0.12660746
69 1809 0.12660746
70 1853 0.12660746
71 1876 0.12660746
72 2341 0.12660746
73 2534 0.12660746
74 2541 0.12660746
75 2848 0.12660746
76 3001 0.12660746
77 1068 0.12368815
78 1754 0.12368815
79 2795 0.12368815
80 1049 0.10307345
81 1471 0.10203751
82 1590 0.092191696
83 2356 0.08926423
84 2867 0.08926423
85 2919 0.08926423
86 2310 0.08637957
87 2406 0.08637957
88 2344 0.08110635
89 2582 0.07804462
90 17 0.07726023
91 24 0.07726023
92 596 0.07726023
93 651 0.07726023
94 1359 0.07726023
95 1911 0.07726023
96 2478 0.07300406
97 3149 0.07300406
98 1463 0.072883934
99 1518 0.072883934
100 1533 0.072883934