1 2494 0.5975083
2 1946 0.5535952
3 1794 0.53610176
4 2747 0.528035
5 2558 0.4950907
6 1885 0.44647112
7 2896 0.43843484
8 2903 0.38659886
9 3079 0.38377044
10 2679 0.3617208
11 2536 0.3568571
12 3170 0.34712863
13 2490 0.3306753
14 2252 0.32735753
15 2943 0.3262091
16 2928 0.31939238
17 2463 0.28860432
18 1194 0.28224146
19 1563 0.2743894
20 2422 0.2743894
21 2373 0.27298835
22 3004 0.26183242
23 2032 0.26124457
24 1650 0.24911706
25 1654 0.24672866
26 2857 0.24334013
27 3052 0.24334013
28 3053 0.24068223
29 796 0.23872676
30 2855 0.23869252
31 2432 0.23437612
32 1233 0.23171572
33 2715 0.23156588
34 2700 0.22340249
35 1900 0.22280307
36 1541 0.2106169
37 2610 0.21029912
38 229 0.20888591
39 1063 0.20888591
40 1288 0.20888591
41 2834 0.20701885
42 266 0.20604253
43 1669 0.20255528
44 1991 0.20255528
45 2721 0.19925252
46 2744 0.19869836
47 2733 0.19712423
48 65 0.18918669
49 3128 0.17914577
50 1274 0.17904507
51 1413 0.17904507
52 47 0.17705749
53 1361 0.17705749
54 2710 0.1756262
55 2077 0.1752548
56 2132 0.17524926
57 1806 0.17389299
58 148 0.1717021
59 1756 0.1688053
60 1222 0.16849889
61 1234 0.16849351
62 3082 0.16805974
63 1368 0.16523181
64 1203 0.15765558
65 2644 0.15531684
66 2529 0.15202168
67 2891 0.15143192
68 1707 0.14958504
69 92 0.14920424
70 1064 0.14920424
71 2585 0.14920424
72 2388 0.14902377
73 2862 0.14902377
74 1651 0.14447135
75 1675 0.14430216
76 2835 0.14363311
77 2523 0.1414585
78 1464 0.14062326
79 2125 0.13736169
80 1522 0.13666514
81 1330 0.13049494
82 2497 0.12899466
83 2343 0.12832725
84 2949 0.12738775
85 123 0.12612447
86 1351 0.12610742
87 1428 0.12610742
88 2364 0.12610742
89 2815 0.12418647
90 2248 0.12392385
91 1029 0.1231686
92 692 0.12267449
93 1785 0.121533155
94 3174 0.121533155
95 3063 0.12141173
96 1734 0.12019147
97 3166 0.12019147
98 1065 0.11936338
99 1344 0.11936338
100 2261 0.1168706