1 2966 0.7082254
2 2972 0.5330611
3 1810 0.51177335
4 633 0.47785187
5 890 0.41518122
6 2287 0.40007916
7 1926 0.38666227
8 2837 0.35851765
9 1456 0.35578042
10 2139 0.35020137
11 1698 0.34822118
12 1600 0.34366482
13 2529 0.34132278
14 2964 0.34132278
15 2975 0.34132278
16 3167 0.34132278
17 3168 0.34132278
18 1934 0.3378923
19 2518 0.32636416
20 3011 0.32482263
21 2277 0.3154637
22 1680 0.31271085
23 2113 0.3120005
24 2174 0.30691025
25 2864 0.29916105
26 1936 0.29438117
27 2881 0.28522927
28 2989 0.28351814
29 2515 0.28305733
30 1674 0.27305824
31 2644 0.27148092
32 2496 0.26721078
33 2306 0.2662603
34 1845 0.26329422
35 2454 0.26295358
36 1724 0.2572509
37 1031 0.25681505
38 2630 0.25681505
39 1958 0.2559755
40 1829 0.25568587
41 1358 0.25542647
42 1235 0.2507608
43 2710 0.2507608
44 1746 0.24959369
45 1612 0.24941622
46 238 0.24565716
47 274 0.24565716
48 650 0.24565716
49 1830 0.24565716
50 2069 0.24565716
51 2531 0.24565716
52 2560 0.24531764
53 2031 0.23892593
54 2492 0.23892593
55 1959 0.23832633
56 1975 0.23291053
57 2845 0.23022163
58 1787 0.22707391
59 3133 0.22261603
60 2895 0.22205634
61 2159 0.22039233
62 1366 0.21977878
63 2794 0.21719776
64 1261 0.21610773
65 2722 0.21551561
66 439 0.20856614
67 1651 0.20711954
68 1827 0.20607825
69 2140 0.20479368
70 2542 0.20479368
71 291 0.2047143
72 2411 0.2047143
73 2551 0.2047143
74 2780 0.2047143
75 2946 0.20427969
76 1455 0.20312296
77 2622 0.20312296
78 2483 0.202765
79 3134 0.20197439
80 2450 0.20110689
81 2721 0.19743586
82 2574 0.19686203
83 1107 0.19457446
84 2376 0.19457446
85 405 0.19209304
86 1526 0.1893306
87 2990 0.18778704
88 1679 0.18740638
89 1193 0.18609634
90 3074 0.18597947
91 2713 0.1854812
92 1741 0.18540506
93 2387 0.18319824
94 2649 0.18319824
95 2745 0.18319824
96 2894 0.18130824
97 2265 0.18030451
98 2784 0.18030451
99 2045 0.17937109
100 2049 0.17775506